3 0.245098 0.098204 0.217865 0.030864
3 0.178831 0.224467 0.088962 0.022447
3 0.238744 0.320567 0.205156 0.021044
3 0.181554 0.385101 0.101670 0.023850
3 0.293210 0.447531 0.321351 0.025253
3 0.245098 0.494529 0.214234 0.029461
3 0.293210 0.596942 0.321351 0.032267
4 0.298656 0.628507 0.343137 0.019641
4 0.307734 0.803872 0.357662 0.022447
5 0.499274 0.533810 0.704430 0.049102
5 0.433914 0.465769 0.537400 0.019641
5 0.260530 0.411055 0.176107 0.030864
5 0.460240 0.353535 0.575527 0.044893
5 0.440269 0.267957 0.553740 0.067340
5 0.498366 0.145903 0.640886 0.050505
5 0.555556 0.714787 0.606391 0.152918
5 0.545570 0.851571 0.575527 0.075758
